2,2 4,2 4,3 2,2 4,4 2,3 4,5 2,4 2,5 5,2 3,2 5,3 3,3 5,4 3,4 5,5 3,5
2,3 5,6 4,2 3,6 4,3 2,2 4,4 2,3 4,5 2,4 4,6 2,5 5,2 3,2 2,6 5,3 3,3 5,4 3,4 5,5 3,5
2,4 3,6 3,7 5,2 5,3 5,4 5,5 5,6 5,7 2,2 2,3 2,4 2,5 2,6 2,7 4,2 4,3 4,4 4,5 4,6 4,7 3,2 3,3 3,4 3,5
2,5 3,6 3,7 5,2 5,3 5,4 5,5 5,6 5,7 2,2 2,3 2,4 2,5 2,6 2,7 4,2 4,3 4,4 4,5 4,6 4,7 3,2 3,3 3,4 3,5
2,6 5,6 3,6 5,7 4,3 3,7 4,4 2,3 4,5 2,4 4,6 2,5 4,7 2,6 5,4 5,3 3,3 2,7 3,4 5,5 3,5
2,7 5,6 3,6 5,7 3,7 4,4 4,5 2,4 4,6 2,5 4,7 2,6 5,4 2,7 3,4 5,5 3,5
2,14 5,15 3,15 5,16 3,16 5,14 5,17 3,17 4,14 4,15 2,14 4,16 2,15 4,17 2,16 2,17 3,14
2,15 5,15 3,15 5,16 3,16 5,14 5,17 3,17 5,18 4,14 3,18 4,15 2,14 4,16 2,15 4,17 2,16 4,18 2,17 3,14 2,18
2,16 3,14 3,15 3,16 3,17 3,18 3,19 5,14 5,15 5,16 5,17 5,18 5,19 2,14 2,15 2,16 2,17 2,18 2,19 4,14 4,15 4,16 4,17 4,18 4,19
2,17 3,14 3,15 3,16 3,17 3,18 3,19 5,14 5,15 5,16 5,17 5,18 5,19 2,14 2,15 2,16 2,17 2,18 2,19 4,14 4,15 4,16 4,17 4,18 4,19
2,18 5,15 3,15 2,19 5,16 3,16 5,17 3,17 5,18 3,18 5,19 4,15 3,19 4,16 2,15 4,17 2,16 4,18 2,17 4,19 2,18
2,19 2,19 5,16 3,16 5,17 3,17 5,18 3,18 5,19 3,19 4,16 4,17 2,16 4,18 2,17 4,19 2,18
3,2 4,2 4,3 2,2 4,4 2,3 4,5 2,4 5,2 2,5 3,2 5,3 3,3 5,4 3,4 5,5 3,5
3,3 5,6 4,2 3,6 4,3 2,2 4,4 2,3 4,5 2,4 4,6 2,5 5,2 3,2 2,6 5,3 3,3 5,4 3,4 5,5 3,5
3,4 3,6 3,7 5,2 5,3 5,4 5,5 5,6 5,7 2,2 2,3 2,4 2,5 2,6 2,7 4,2 4,3 4,4 4,5 4,6 4,7 3,2 3,3 3,4 3,5
3,5 3,6 3,7 3,8 5,2 5,3 5,4 5,5 5,6 5,7 5,8 2,2 2,3 2,4 2,5 2,6 2,7 4,2 4,3 4,4 4,5 4,6 4,7 4,8 3,2 3,3 3,4 3,5
3,6 3,6 3,7 3,8 3,9 5,3 5,4 5,5 5,6 5,7 5,8 5,9 2,3 2,4 2,5 2,6 2,7 4,3 4,4 4,5 4,6 4,7 4,8 4,9 3,3 3,4 3,5
3,7 3,6 3,7 3,8 3,9 3,10 5,4 5,5 5,6 5,7 5,8 5,9 5,10 2,4 2,5 2,6 2,7 4,4 4,5 4,6 4,7 4,8 4,9 4,10 3,4 3,5
3,8 3,6 3,7 3,8 3,9 3,10 3,11 5,5 5,6 5,7 5,8 5,9 5,10 5,11 4,5 4,6 4,7 4,8 4,9 4,10 4,11 3,5
3,9 3,6 3,7 3,8 3,9 3,10 3,11 3,12 5,6 5,7 5,8 5,9 5,10 5,11 5,12 4,6 4,7 4,8 4,9 4,10 4,11 4,12
3,10 3,7 3,8 3,9 3,10 3,11 3,12 3,13 5,7 5,8 5,9 5,10 5,11 5,12 5,13 4,7 4,8 4,9 4,10 4,11 4,12 4,13
3,11 3,8 3,9 3,10 3,11 3,12 3,13 3,14 5,8 5,9 5,10 5,11 5,12 5,13 5,14 4,8 4,9 4,10 4,11 4,12 4,13 4,14
3,12 3,9 3,10 3,11 3,12 3,13 3,14 3,15 5,9 5,10 5,11 5,12 5,13 5,14 5,15 4,9 4,10 4,11 4,12 4,13 4,14 4,15
3,13 3,10 3,11 3,12 3,13 3,14 3,15 3,16 5,10 5,11 5,12 5,13 5,14 5,15 5,16 4,10 4,11 4,12 4,13 4,14 4,15 4,16
3,14 3,11 3,12 3,13 3,14 3,15 3,16 3,17 5,11 5,12 5,13 5,14 5,15 5,16 5,17 2,14 2,15 2,16 2,17 4,11 4,12 4,13 4,14 4,15 4,16 4,17
3,15 3,12 3,13 3,14 3,15 3,16 3,17 3,18 5,12 5,13 5,14 5,15 5,16 5,17 5,18 2,14 2,15 2,16 2,17 2,18 4,12 4,13 4,14 4,15 4,16 4,17 4,18
3,16 3,13 3,14 3,15 3,16 3,17 3,18 3,19 5,13 5,14 5,15 5,16 5,17 5,18 5,19 2,14 2,15 2,16 2,17 2,18 2,19 4,13 4,14 4,15 4,16 4,17 4,18 4,19
3,17 3,14 3,15 3,16 3,17 3,18 3,19 5,14 5,15 5,16 5,17 5,18 5,19 2,14 2,15 2,16 2,17 2,18 2,19 4,14 4,15 4,16 4,17 4,18 4,19
3,18 5,15 3,15 2,19 5,16 3,16 5,17 3,17 5,18 3,18 5,19 4,15 3,19 4,16 2,15 4,17 2,16 4,18 2,17 4,19 2,18
3,19 2,19 5,16 3,16 5,17 3,17 5,18 3,18 5,19 3,19 4,16 4,17 2,16 4,18 2,17 4,19 2,18
4,2 4,2 4,3 2,2 4,4 2,3 4,5 2,4 5,2 2,5 3,2 5,3 3,3 5,4 3,4 5,5 3,5
4,3 5,6 4,2 3,6 4,3 2,2 4,4 2,3 4,5 2,4 4,6 2,5 5,2 3,2 2,6 5,3 3,3 5,4 3,4 5,5 3,5
4,4 3,6 3,7 5,2 5,3 5,4 5,5 5,6 5,7 2,2 2,3 2,4 2,5 2,6 2,7 4,2 4,3 4,4 4,5 4,6 4,7 3,2 3,3 3,4 3,5
4,5 3,6 3,7 3,8 5,2 5,3 5,4 5,5 5,6 5,7 5,8 2,2 2,3 2,4 2,5 2,6 2,7 4,2 4,3 4,4 4,5 4,6 4,7 4,8 3,2 3,3 3,4 3,5
4,6 3,6 3,7 3,8 3,9 5,3 5,4 5,5 5,6 5,7 5,8 5,9 2,3 2,4 2,5 2,6 2,7 4,3 4,4 4,5 4,6 4,7 4,8 4,9 3,3 3,4 3,5
4,7 3,6 3,7 3,8 3,9 3,10 5,4 5,5 5,6 5,7 5,8 5,9 5,10 2,4 2,5 2,6 2,7 4,4 4,5 4,6 4,7 4,8 4,9 4,10 3,4 3,5
4,8 3,6 3,7 3,8 3,9 3,10 3,11 5,5 5,6 5,7 5,8 5,9 5,10 5,11 4,5 4,6 4,7 4,8 4,9 4,10 4,11 3,5
4,9 3,6 3,7 3,8 3,9 3,10 3,11 3,12 5,6 5,7 5,8 5,9 5,10 5,11 5,12 4,6 4,7 4,8 4,9 4,10 4,11 4,12
4,10 3,7 3,8 3,9 3,10 3,11 3,12 3,13 5,7 5,8 5,9 5,10 5,11 5,12 5,13 4,7 4,8 4,9 4,10 4,11 4,12 4,13
4,11 3,8 3,9 3,10 3,11 3,12 3,13 3,14 5,8 5,9 5,10 5,11 5,12 5,13 5,14 4,8 4,9 4,10 4,11 4,12 4,13 4,14
4,12 3,9 3,10 3,11 3,12 3,13 3,14 3,15 5,9 5,10 5,11 5,12 5,13 5,14 5,15 4,9 4,10 4,11 4,12 4,13 4,14 4,15
4,13 3,10 3,11 3,12 3,13 3,14 3,15 3,16 5,10 5,11 5,12 5,13 5,14 5,15 5,16 4,10 4,11 4,12 4,13 4,14 4,15 4,16
4,14 3,11 3,12 3,13 3,14 3,15 3,16 3,17 5,11 5,12 5,13 5,14 5,15 5,16 5,17 2,14 2,15 2,16 2,17 4,11 4,12 4,13 4,14 4,15 4,16 4,17
4,15 3,12 3,13 3,14 3,15 3,16 3,17 3,18 5,12 5,13 5,14 5,15 5,16 5,17 5,18 2,14 2,15 2,16 2,17 2,18 4,12 4,13 4,14 4,15 4,16 4,17 4,18
4,16 3,13 3,14 3,15 3,16 3,17 3,18 3,19 5,13 5,14 5,15 5,16 5,17 5,18 5,19 2,14 2,15 2,16 2,17 2,18 2,19 4,13 4,14 4,15 4,16 4,17 4,18 4,19
4,17 3,14 3,15 3,16 3,17 3,18 3,19 5,14 5,15 5,16 5,17 5,18 5,19 2,14 2,15 2,16 2,17 2,18 2,19 4,14 4,15 4,16 4,17 4,18 4,19
4,18 5,15 3,15 2,19 5,16 3,16 5,17 3,17 5,18 3,18 5,19 4,15 3,19 4,16 2,15 4,17 2,16 4,18 2,17 4,19 2,18
4,19 2,19 5,16 3,16 5,17 3,17 5,18 3,18 5,19 3,19 4,16 4,17 2,16 4,18 2,17 4,19 2,18
5,2 4,2 4,3 2,2 4,4 2,3 4,5 2,4 5,2 2,5 3,2 5,3 3,3 5,4 3,4 5,5 3,5
5,3 5,6 4,2 3,6 4,3 2,2 4,4 2,3 4,5 2,4 4,6 2,5 5,2 3,2 2,6 5,3 3,3 5,4 3,4 5,5 3,5
5,4 3,6 3,7 5,2 5,3 5,4 5,5 5,6 5,7 2,2 2,3 2,4 2,5 2,6 2,7 4,2 4,3 4,4 4,5 4,6 4,7 3,2 3,3 3,4 3,5
5,5 3,6 3,7 3,8 5,2 5,3 5,4 5,5 5,6 5,7 5,8 2,2 2,3 2,4 2,5 2,6 2,7 4,2 4,3 4,4 4,5 4,6 4,7 4,8 3,2 3,3 3,4 3,5
5,6 3,6 3,7 3,8 3,9 5,3 5,4 5,5 5,6 5,7 5,8 5,9 2,3 2,4 2,5 2,6 2,7 4,3 4,4 4,5 4,6 4,7 4,8 4,9 3,3 3,4 3,5
5,7 3,6 3,7 3,8 3,9 3,10 5,4 5,5 5,6 5,7 5,8 5,9 5,10 2,4 2,5 2,6 2,7 4,4 4,5 4,6 4,7 4,8 4,9 4,10 3,4 3,5
5,8 3,6 3,7 3,8 3,9 3,10 3,11 5,5 5,6 5,7 5,8 5,9 5,10 5,11 4,5 4,6 4,7 4,8 4,9 4,10 4,11 3,5
5,9 3,6 3,7 3,8 3,9 3,10 3,11 3,12 5,6 5,7 5,8 5,9 5,10 5,11 5,12 4,6 4,7 4,8 4,9 4,10 4,11 4,12
5,10 3,7 3,8 3,9 3,10 3,11 3,12 3,13 5,7 5,8 5,9 5,10 5,11 5,12 5,13 4,7 4,8 4,9 4,10 4,11 4,12 4,13
5,11 3,8 3,9 3,10 3,11 3,12 3,13 3,14 5,8 5,9 5,10 5,11 5,12 5,13 5,14 4,8 4,9 4,10 4,11 4,12 4,13 4,14
5,12 3,9 3,10 3,11 3,12 3,13 3,14 3,15 5,9 5,10 5,11 5,12 5,13 5,14 5,15 4,9 4,10 4,11 4,12 4,13 4,14 4,15
5,13 3,10 3,11 3,12 3,13 3,14 3,15 3,16 5,10 5,11 5,12 5,13 5,14 5,15 5,16 4,10 4,11 4,12 4,13 4,14 4,15 4,16
5,14 3,11 3,12 3,13 3,14 3,15 3,16 3,17 5,11 5,12 5,13 5,14 5,15 5,16 5,17 2,14 2,15 2,16 2,17 4,11 4,12 4,13 4,14 4,15 4,16 4,17
5,15 3,12 3,13 3,14 3,15 3,16 3,17 3,18 5,12 5,13 5,14 5,15 5,16 5,17 5,18 2,14 2,15 2,16 2,17 2,18 4,12 4,13 4,14 4,15 4,16 4,17 4,18
5,16 3,13 3,14 3,15 3,16 3,17 3,18 3,19 5,13 5,14 5,15 5,16 5,17 5,18 5,19 2,14 2,15 2,16 2,17 2,18 2,19 4,13 4,14 4,15 4,16 4,17 4,18 4,19
5,17 3,14 3,15 3,16 3,17 3,18 3,19 5,14 5,15 5,16 5,17 5,18 5,19 2,14 2,15 2,16 2,17 2,18 2,19 4,14 4,15 4,16 4,17 4,18 4,19
5,18 5,15 3,15 2,19 5,16 3,16 5,17 3,17 5,18 3,18 5,19 4,15 3,19 4,16 2,15 4,17 2,16 4,18 2,17 4,19 2,18
5,19 2,19 5,16 3,16 5,17 3,17 5,18 3,18 5,19 3,19 4,16 4,17 2,16 4,18 2,17 4,19 2,18
