158 102
112 103
181 139
28 104
194 104
58 34
93 71
55 143
151 143
61 71
67 143
48 111
192 41
112 41
95 86
158 123
112 124
28 125
194 130
48 132
112 61
28 62
93 102
61 102
79 34
137 34
130 143
47 40
205 42
112 82
28 83
118 86
93 123
61 123
181 55
137 56
205 63
72 102
126 102
158 34
100 34
109 143
137 71
181 76
205 84
48 48
139 86
158 50
53 86
126 123
72 50
72 123
126 50
181 97
194 62
137 102
205 105
48 69
121 34
179 34
88 143
158 71
72 71
172 143
126 71
31 42
181 118
194 83
160 86
74 86
61 50
137 123
205 126
48 90
93 56
