48 107
112 107
93 71
192 131
137 71
181 97
112 122
28 62
160 86
205 51
48 65
112 65
175 30
93 102
137 123
180 139
158 102
91 143
72 71
28 104
205 105
55 141
65 34
107 34
86 34
128 34
149 34
170 34
112 143
71 108
157 108
92 108
136 108
204 73
172 143
69 143
133 143
205 72
52 38
42 129
154 86
39 40
181 76
192 40
186 41
92 56
31 42
204 115
93 50
181 118
28 83
136 71
112 86
158 71
51 86
93 123
71 123
48 51
158 123
136 123
72 86
204 52
133 86
91 86
28 125
72 123
205 126
151 143
71 71
181 55
90 143
48 128
112 55
71 56
157 56
136 56
158 50
205 93
204 94
