280 271
330 489
130 277
474 205
605 320
511 107
374 143
330 504
301 108
529 194
301 123
73 339
500 159
386 304
347 53
312 92
147 201
267 346
352 167
466 384
347 68
87 143
147 216
432 253
254 397
268 181
352 182
334 472
637 151
124 407
402 48
369 85
470 339
459 306
72 198
311 307
593 164
161 309
440 420
572 348
148 349
530 353
544 137
72 214
173 107
538 216
233 180
623 398
385 110
602 219
440 435
295 256
118 152
318 368
72 229
173 122
385 125
538 234
345 487
295 271
399 274
157 420
463 276
489 205
559 423
72 244
348 244
345 502
471 143
602 253
399 289
544 186
348 259
412 260
411 80
67 152
251 300
538 264
462 122
408 339
422 55
320 344
234 345
221 383
477 384
416 492
324 277
626 207
378 426
222 210
469 175
414 212
591 248
505 248
422 70
451 107
65 183
136 221
468 369
222 225
145 262
469 190
505 263
581 408
545 340
35 340
236 382
90 310
616 383
627 349
145 277
545 356
520 249
526 107
553 216
192 397
204 181
333 363
86 401
404 402
627 368
520 263
553 231
362 52
401 304
400 125
507 234
352 199
633 237
427 165
100 130
87 167
455 384
335 313
316 62
254 422
251 315
538 279
541 388
64 358
352 214
263 107
201 395
163 324
119 325
325 110
188 435
596 363
474 291
150 364
455 399
335 328
151 186
251 330
499 404
383 190
326 298
352 229
537 122
263 122
608 158
228 159
163 339
339 268
325 125
474 306
150 379
633 271
335 343
249 345
393 420
455 420
587 348
115 422
164 171
389 136
163 354
339 283
150 394
188 107
121 359
134 325
455 435
398 186
483 369
165 369
427 225
310 262
316 118
184 191
596 408
188 122
151 231
318 414
220 270
560 270
162 201
367 168
232 420
302 349
363 244
353 389
470 354
362 67
318 429
331 393
220 285
597 179
331 35
356 144
85 252
162 216
441 324
280 361
193 182
412 290
367 183
428 364
363 259
620 268
176 295
353 404
429 195
85 267
237 195
88 377
98 234
298 451
428 379
367 199
350 313
176 313
556 387
429 210
237 210
484 175
79 358
428 394
162 250
367 214
466 107
638 398
203 435
80 183
350 328
237 225
484 190
602 335
489 300
160 265
367 229
552 122
243 159
333 378
405 234
544 201
282 346
181 382
414 275
235 240
530 421
349 457
117 385
505 316
409 172
553 246
408 354
447 249
266 286
274 142
26 359
34 215
225 395
261 180
238 360
235 255
530 436
349 472
523 401
553 261
417 45
340 83
266 301
389 481
477 122
132 375
485 339
235 270
103 342
292 234
333 414
522 239
269 420
581 135
266 316
71 137
132 390
485 354
333 429
235 285
278 107
72 324
406 110
340 110
395 435
269 435
472 399
191 292
166 186
266 331
355 80
341 298
68 407
547 373
103 373
477 158
278 122
252 196
340 125
398 201
427 240
574 423
160 280
393 103
55 391
486 142
232 143
106 433
348 361
424 150
116 295
460 224
423 335
442 158
348 376
578 378
575 273
196 382
460 239
514 384
625 132
423 350
364 459
41 352
115 137
520 320
578 393
482 249
455 143
100 252
575 288
240 397
346 38
514 400
91 221
394 329
119 439
443 367
429 298
563 156
320 481
444 193
351 519
100 267
575 303
500 339
455 160
313 449
165 384
470 420
478 276
504 205
402 493
303 247
393 465
203 107
541 107
433 180
264 361
470 435
335 399
382 150
293 47
203 122
559 197
588 233
306 382
104 167
377 59
250 240
545 421
177 205
49 207
493 280
378 244
382 175
281 286
556 107
462 254
250 255
177 220
293 77
545 437
20 186
378 259
475 224
281 301
492 122
58 266
307 232
623 162
395 450
191 307
360 489
178 345
102 202
354 274
251 382
172 420
427 313
602 350
155 246
131 247
300 139
252 211
175 250
191 322
481 107
136 359
360 504
94 361
150 145
354 289
178 362
355 110
98 291
442 223
300 154
252 226
175 265
191 337
166 231
150 160
355 125
413 197
522 305
442 238
408 95
485 420
300 169
589 423
408 459
175 280
460 321
523 141
363 361
34 325
485 435
106 183
131 292
300 184
625 222
308 47
589 444
572 194
363 376
590 269
267 162
350 343
105 310
631 383
410 422
444 208
21 325
209 397
218 435
410 437
222 366
565 115
392 368
206 296
499 190
455 190
325 262
21 340
356 304
267 196
60 234
369 274
206 311
646 384
187 420
519 205
193 352
91 282
318 247
267 211
55 140
420 321
183 142
501 142
218 107
439 143
393 215
372 396
180 397
369 289
206 326
397 150
193 367
267 226
55 155
545 156
183 157
438 337
218 122
432 125
206 341
593 378
250 270
113 235
84 201
443 382
211 382
20 202
475 239
284 420
596 134
500 354
365 319
130 139
313 464
593 393
537 249
250 285
143 107
258 143
512 144
623 252
443 397
245 181
284 435
487 399
293 476
88 152
500 369
475 261
365 334
504 301
143 122
258 158
512 159
433 268
375 489
120 310
322 166
293 491
266 383
500 384
425 422
24 171
433 283
165 141
113 285
190 250
207 143
496 107
602 107
375 504
322 181
370 110
425 437
537 294
521 224
407 369
165 156
190 265
370 125
626 413
603 234
348 414
300 199
62 200
489 382
265 241
286 62
281 316
640 136
575 318
501 175
382 211
590 284
204 356
348 429
627 177
300 214
361 37
89 325
421 110
106 219
282 147
265 256
560 437
281 331
575 333
590 299
382 229
282 162
265 271
442 309
557 348
459 205
590 314
400 319
625 284
608 392
315 142
112 107
62 252
109 361
282 181
233 435
519 293
590 329
303 368
544 406
221 300
580 120
112 122
625 304
371 304
282 196
537 309
392 58
119 167
60 279
393 244
296 286
22 215
196 143
537 324
35 183
158 435
326 147
115 256
308 77
578 150
359 474
393 259
490 224
296 301
587 194
515 339
73 268
128 233
60 307
115 271
363 416
35 200
578 165
618 237
354 22
490 239
280 241
309 277
515 354
516 175
73 283
158 107
363 431
104 325
270 398
164 399
280 256
103 152
308 476
515 369
73 298
514 190
448 264
397 229
490 265
158 122
39 158
120 342
181 235
322 202
202 420
192 206
508 278
547 171
604 423
440 352
185 176
475 321
571 105
220 143
250 360
322 217
374 74
121 183
622 147
192 221
604 438
444 294
401 477
134 154
352 443
629 192
453 337
507 122
198 159
322 232
605 268
207 197
219 345
134 169
301 62
407 63
605 283
380 319
129 428
207 212
436 107
376 37
121 220
92 184
311 292
575 438
241 367
130 262
380 334
207 227
529 156
62 338
84 340
605 305
299 93
135 310
281 383
500 421
221 315
552 280
190 280
576 209
441 173
282 211
67 392
233 107
412 143
303 397
281 400
500 436
177 328
49 330
221 330
552 295
148 295
576 224
282 226
233 122
135 342
552 310
354 95
303 420
611 204
148 314
576 243
455 352
102 390
408 249
341 143
49 359
222 180
552 325
581 363
303 435
593 149
148 329
374 474
576 258
416 477
489 157
467 158
602 194
530 338
222 195
332 54
612 344
337 166
384 274
132 203
308 492
448 279
625 319
333 247
140 428
127 105
332 69
378 358
244 142
205 251
337 181
396 73
384 289
64 290
217 398
248 435
625 334
431 407
595 119
127 120
236 300
378 373
205 266
447 122
641 411
644 159
396 88
196 236
337 202
40 383
217 420
220 240
515 421
526 386
523 278
320 314
236 315
490 316
205 281
393 353
591 209
300 319
586 103
248 107
582 179
337 217
50 183
173 435
459 291
515 436
136 184
220 255
320 329
236 330
163 295
505 224
300 334
248 122
522 122
213 159
378 411
337 232
