395 450
72 198
593 163
604 343
237 307
378 416
631 383
420 60
262 420
398 277
504 280
313 461
478 354
508 354
439 319
305 247
72 214
237 322
395 322
193 322
173 107
233 181
21 325
209 397
623 398
538 219
218 435
398 292
154 292
222 366
602 223
91 261
499 190
597 118
455 190
72 229
193 337
173 122
21 340
425 197
385 125
538 234
60 234
551 198
506 235
285 58
267 202
157 420
187 420
646 384
91 276
627 349
455 205
165 276
559 423
72 244
119 136
193 352
350 247
372 391
380 247
425 212
476 247
533 141
506 250
183 142
218 107
471 143
375 504
602 253
180 397
319 217
55 145
267 217
165 291
91 291
324 112
124 258
397 150
119 151
193 367
67 152
627 368
321 368
192 190
538 263
411 84
183 157
218 122
629 158
432 122
360 50
265 232
602 268
55 160
103 234
218 272
320 344
84 201
211 382
591 238
20 202
390 59
477 384
416 492
596 133
368 277
410 422
266 352
443 388
544 137
552 353
638 139
222 211
404 356
430 285
365 322
512 142
258 143
451 107
143 107
245 181
487 399
65 183
252 292
520 220
368 292
410 437
153 330
443 403
358 79
567 115
293 476
500 369
263 262
222 226
469 190
282 298
424 227
417 334
370 84
430 300
581 408
365 337
512 157
143 122
35 340
352 520
433 270
252 307
322 166
616 383
293 491
500 384
610 313
263 277
282 313
537 278
24 172
470 175
252 322
596 178
165 142
315 142
526 107
207 143
362 35
496 107
322 181
623 289
192 397
266 398
204 181
475 291
553 220
537 293
86 401
404 402
336 475
628 188
411 296
308 262
596 193
505 301
165 157
462 122
106 265
239 159
462 339
235 232
370 125
626 413
400 125
593 378
387 307
62 200
300 201
427 165
150 345
121 310
489 382
100 130
626 203
87 167
348 419
455 384
474 276
530 205
575 313
418 349
199 242
500 205
443 242
541 388
627 173
590 283
275 247
169 249
593 393
380 430
163 322
596 358
64 358
263 107
421 107
335 322
204 360
300 216
150 360
119 325
364 361
89 325
369 110
394 217
188 435
455 399
284 435
281 328
282 147
587 328
199 257
443 257
560 437
151 186
572 223
112 295
499 404
468 369
590 298
608 154
169 264
519 265
335 337
263 122
413 266
537 122
150 375
310 232
340 232
325 124
165 340
194 162
282 162
321 202
281 347
455 420
590 313
135 277
115 422
425 422
277 422
164 171
519 280
251 352
413 281
493 354
150 390
112 106
389 143
188 107
602 107
62 252
332 36
151 217
109 361
572 253
282 182
134 325
455 435
233 435
425 437
208 330
251 367
177 295
303 368
534 190
544 406
165 370
432 334
596 408
112 121
188 122
385 232
151 232
572 268
282 197
566 197
357 307
537 308
162 201
366 489
318 417
336 490
118 204
632 276
574 348
232 420
338 277
367 168
60 279
302 351
207 315
448 352
353 389
360 65
522 353
625 246
245 247
137 247
164 355
551 248
331 393
22 215
196 143
201 395
162 216
356 144
537 323
193 180
364 217
490 217
280 362
334 362
350 434
326 147
35 183
158 435
118 220
338 292
367 183
397 185
578 150
411 114
102 152
353 404
625 261
411 477
546 153
233 262
489 263
537 338
73 268
280 232
366 376
490 232
237 197
88 377
118 235
60 307
428 379
589 343
397 200
402 307
35 200
578 165
606 238
363 419
233 277
389 350
214 242
489 278
556 387
537 353
405 65
73 283
320 247
298 103
237 212
608 392
428 394
79 358
350 322
466 107
158 107
445 289
104 325
638 398
376 38
203 435
80 183
267 292
602 328
164 400
239 367
587 223
343 80
308 476
515 369
483 369
278 262
73 298
484 190
582 118
350 337
39 158
552 122
158 122
410 195
445 304
625 304
355 232
120 342
617 234
475 306
553 235
181 235
353 20
91 310
444 274
300 58
330 58
225 383
269 383
121 167
181 382
366 202
202 420
547 168
308 277
470 205
530 421
441 170
117 385
192 205
369 459
622 135
604 424
505 316
596 208
238 352
409 173
571 103
475 321
97 250
274 142
26 359
220 143
120 359
34 215
346 505
106 433
339 109
134 146
225 398
381 110
308 73
121 183
222 291
308 292
530 436
136 292
192 220
441 185
261 187
604 439
417 45
457 261
383 262
408 371
553 263
598 373
477 122
507 122
132 375
300 88
134 161
203 270
103 342
333 414
222 306
298 451
375 55
136 310
617 274
395 420
247 420
545 205
433 349
581 133
428 242
383 277
458 243
340 460
71 137
132 390
463 354
260 247
605 283
290 247
129 428
424 319
222 321
380 322
375 70
278 107
436 107
365 431
497 144
72 324
349 361
178 326
395 435
472 399
92 184
433 364
383 292
428 257
166 186
623 150
575 438
248 262
605 299
68 407
529 156
380 337
547 373
103 373
278 122
477 158
62 338
209 159
325 232
340 124
84 340
327 307
521 235
297 307
440 200
208 345
177 311
55 384
281 385
278 277
500 421
552 278
574 423
180 280
491 246
515 174
395 247
485 175
365 247
282 212
67 392
442 140
320 429
378 358
486 142
521 250
440 215
232 143
233 107
303 397
334 217
55 399
88 219
281 400
309 112
500 436
523 401
215 257
552 293
49 330
412 150
351 475
520 295
460 224
515 189
139 262
353 262
323 262
442 155
253 337
233 122
507 339
336 377
207 197
578 378
135 342
88 234
372 307
342 307
552 308
576 238
351 490
196 382
611 203
303 420
514 384
515 204
485 205
353 277
323 277
148 314
41 352
264 173
102 390
575 283
520 320
207 212
578 393
184 250
341 143
49 359
455 143
135 359
552 323
240 397
133 218
354 110
303 435
178 183
593 148
514 400
353 292
323 292
378 401
119 439
398 262
575 298
207 227
563 156
443 373
184 265
504 265
313 446
467 158
552 338
381 373
455 160
295 232
133 233
612 344
239 382
337 166
132 203
308 492
470 420
165 385
402 493
150 277
106 280
192 281
410 210
625 319
140 428
393 465
244 142
127 106
203 107
541 107
217 395
104 144
587 253
332 73
337 181
64 290
335 399
549 183
470 435
248 435
293 43
264 367
192 296
396 80
625 334
431 407
490 300
644 157
127 121
203 122
381 482
345 50
641 411
250 232
587 268
403 341
254 162
312 92
106 310
315 58
306 382
106 167
459 275
192 311
396 95
354 456
40 383
217 420
545 421
177 205
515 421
526 386
320 314
490 315
49 207
345 65
382 174
410 247
586 103
335 429
536 249
300 322
556 107
248 107
361 505
293 73
379 217
475 217
396 110
331 505
581 363
106 183
50 183
177 220
173 435
136 184
419 75
393 365
545 437
237 292
366 474
515 436
320 329
20 187
505 224
154 261
472 261
382 189
574 333
268 337
300 337
58 266
267 158
492 122
248 122
489 159
522 122
475 232
222 196
267 307
178 344
355 94
336 202
102 202
252 202
440 420
172 420
248 277
404 136
155 246
335 247
300 141
581 178
267 322
511 107
347 35
481 107
374 144
94 361
150 145
252 217
460 290
221 181
178 362
440 435
293 262
442 227
223 336
300 156
581 193
321 481
447 337
447 122
477 339
73 339
500 159
224 159
370 232
400 232
166 231
150 160
355 125
522 305
460 305
632 233
301 126
312 307
162 307
121 273
147 202
351 202
254 383
352 167
485 420
466 384
293 277
381 205
408 459
223 351
408 99
581 208
589 423
300 171
500 175
230 247
460 320
207 285
523 141
112 250
87 143
121 288
426 180
349 217
34 325
623 218
254 398
352 182
485 435
103 219
263 435
293 292
427 150
300 186
308 43
87 153
368 262
396 478
338 262
124 407
207 300
589 444
238 337
402 50
522 338
492 339
351 376
