300 314
276 291
82 188
322 286
325 298
298 334
54 127
352 119
191 219
302 231
223 324
357 260
266 88
204 79
98 209
274 314
331 254
349 182
62 67
350 141
83 82
29 228
293 349
111 222
73 240
269 256
345 225
254 341
30 117
144 72
329 140
308 273
252 361
205 198
514 283
123 63
310 115
204 100
289 248
191 240
302 252
90 220
353 98
413 268
242 304
533 173
121 86
317 319
328 267
305 128
111 243
490 271
196 319
332 96
52 104
26 98
30 138
392 266
316 370
246 283
322 250
523 262
224 100
435 248
512 244
274 349
105 81
49 169
48 140
255 323
373 243
151 220
90 241
201 325
327 182
268 330
311 94
499 247
28 164
48 77
175 321
414 246
300 294
304 192
172 96
222 201
130 219
288 107
184 76
66 85
246 85
119 201
24 62
236 239
169 236
287 85
196 346
225 83
234 332
289 216
523 288
23 184
143 92
288 264
499 268
347 188
485 236
287 309
328 161
170 201
484 282
175 342
319 343
32 83
305 169
519 187
480 250
59 198
104 91
452 261
148 246
212 239
331 117
347 205
281 229
490 106
429 271
43 191
344 267
28 205
102 189
213 346
170 222
372 263
256 256
288 288
302 105
268 235
308 348
267 281
69 210
199 251
303 211
62 231
326 208
168 249
245 104
263 104
247 232
277 209
102 61
324 229
184 198
303 149
188 97
521 136
43 216
238 205
501 225
303 369
262 302
245 259
81 60
258 215
45 62
224 252
164 75
282 365
150 198
258 198
230 353
142 194
233 222
35 152
349 161
41 107
283 331
393 244
515 204
43 237
121 189
64 177
212 218
80 196
156 92
344 245
133 242
321 322
509 115
