298 334
322 286
204 79
352 119
266 88
223 324
98 209
331 254
274 314
62 67
142 220
174 324
148 246
83 82
29 228
293 349
216 209
202 251
31 71
73 240
54 140
254 341
102 189
372 263
144 72
252 361
308 273
121 222
310 115
30 123
514 283
123 63
204 100
408 268
345 232
352 141
195 209
178 308
62 231
242 304
168 249
533 173
317 319
305 128
102 61
318 349
324 229
277 209
111 243
499 235
31 92
81 196
52 104
303 149
174 208
322 250
316 370
246 283
435 248
348 188
224 100
201 320
512 244
274 349
105 81
22 207
373 243
255 323
30 144
45 62
311 94
268 330
330 267
327 183
174 75
24 52
389 265
328 141
414 246
150 198
300 294
258 198
244 239
304 192
172 96
173 197
142 194
352 98
288 107
499 256
492 277
119 201
185 250
304 343
169 236
121 189
289 216
30 165
258 215
505 219
288 264
143 92
287 309
328 162
300 314
276 291
305 169
344 253
302 230
325 298
519 187
30 176
357 260
181 229
104 91
160 76
160 221
452 261
237 218
480 256
331 117
66 186
490 106
429 271
43 191
269 256
188 76
213 346
64 207
288 288
256 256
302 105
302 251
289 248
484 236
267 281
215 193
278 229
303 211
321 328
326 208
121 86
82 219
245 104
263 104
100 222
197 346
83 179
265 235
194 191
50 119
188 97
523 262
43 216
521 136
49 169
262 302
176 342
349 146
245 259
81 60
90 241
346 211
224 252
282 365
48 77
29 195
230 353
223 229
66 85
246 85
283 331
41 107
393 244
515 204
297 364
287 85
43 237
237 197
349 167
523 288
234 332
331 96
133 242
156 94
202 230
509 115
225 83
195 325
484 282
37 152
